Vec Object:a(:,440) 1 MPI processes
  type: seq
-7.76069e-17
-5.60495e-17
2.73475e-21
-1.85394e-16
0.
8.49385e-18
3.36573e-21
4.24693e-18
9.70478e-18
7.76382e-18
2.30734e-21
2.32915e-17
2.86097e-17
3.52853e-17
-4.30827e-21
7.2478e-17
-2.57342e-17
-2.14451e-17
-1.9753e-21
-7.72025e-17
-7.57886e-18
-7.57886e-18
2.1097e-21
-2.27366e-17
-8.22735e-18
-1.31638e-17
-3.69502e-21
-2.63275e-17
1.76346e-18
0.
1.80508e-21
-3.52692e-18
-4.48002e-17
-4.6748e-17
-1.75e-21
-1.32453e-16
2.06952e-17
4.59893e-18
-3.80256e-21
5.51872e-17
-3.06722e-17
-3.28631e-17
-2.55151e-21
-9.63985e-17
-2.5474e-17
-2.26435e-17
2.68821e-21
-6.41567e-17
-2.79159e-17
-2.9777e-17
-6.99161e-21
-7.44424e-17
1.61645e-17
3.23291e-17
6.32792e-20
8.08227e-17
-1.53013e-16
3.96293e-17
-1.4469e-18
-3.43454e-16
4.04114e-17
4.04114e-17
3.94984e-21
1.29316e-16
-6.82897e-17
-1.99872e-17
1.70942e-18
-1.9321e-16
3.51027e-18
7.02055e-18
-2.05316e-21
3.15925e-17
-1.19099e-16
9.16147e-18
-3.15147e-18
-2.88586e-16
2.15074e-17
2.68842e-17
5.29568e-21
5.91453e-17
3.10979e-15
-1.68402e-15
2.4274e-18
6.57468e-15
-3.7745e-16
-2.28334e-16
1.59896e-18
-1.00653e-15
2.98796e-15
-1.41484e-15
2.50533e-18
6.4023e-15
3.48782e-15
-3.80883e-16
4.54583e-18
8.08669e-15
-6.87573e-15
-4.09353e-15
-5.60377e-18
-5.38958e-14
9.51534e-15
1.2073e-15
-1.02644e-17
1.96214e-14
1.38916e-18
2.77832e-18
-6.1883e-20
8.33496e-18
1.38633e-15
-4.60101e-16
-2.51431e-19
3.06389e-15
4.93808e-15
-7.945e-15
5.45484e-18
7.66635e-15
1.38344e-14
-8.50567e-15
8.62959e-18
-2.47896e-14
2.76888e-14
9.97874e-15
-2.14505e-18
-1.09687e-14
2.83597e-14
-1.24853e-14
2.74645e-18
-3.13157e-14
-4.73535e-18
-4.73535e-18
-6.82115e-21
-9.47069e-18
-3.97559e-15
-1.90934e-15
-2.15425e-18
3.5815e-14
-1.44619e-15
-3.96164e-15
-1.69642e-18
-5.37706e-15
-5.34046e-16
-3.6431e-16
-5.49244e-20
-1.44689e-15
5.89447e-17
6.2412e-17
-7.61041e-19
1.52563e-16
-3.33406e-16
-6.09172e-15
-1.12105e-17
-1.06573e-14
-2.07112e-14
2.63635e-15
3.05155e-18
1.93836e-14
1.52979e-14
1.58541e-14
1.34934e-18
-5.48523e-15
1.69722e-15
4.2334e-15
-8.55096e-18
2.03336e-14
-2.83441e-16
-6.72263e-15
2.40418e-17
-3.94418e-14
1.78386e-14
6.8177e-16
-4.8956e-18
-1.75967e-14
6.89075e-15
3.19247e-15
1.4262e-17
1.47819e-14
-8.33993e-15
-1.40912e-14
-1.34065e-17
-3.07578e-14
-6.4512e-15
9.41617e-15
-1.69764e-18
-1.05655e-14
-3.20369e-14
7.26908e-15
-1.15876e-17
2.35939e-14
2.02799e-14
-2.15773e-15
8.56084e-18
-2.71799e-15
-2.08942e-14
8.13416e-15
-4.49762e-18
-6.4122e-15
-3.31028e-14
1.33368e-16
-1.67056e-17
2.93087e-15
-2.3548e-14
-6.44721e-15
9.0381e-19
1.92308e-14
1.54479e-14
-1.08907e-14
-2.49756e-18
-1.87487e-14
1.45029e-14
-1.35051e-15
-1.60714e-17
3.00606e-14
1.48503e-14
8.05638e-16
-3.35257e-17
-3.22986e-14
-1.25143e-14
-4.44124e-15
1.29244e-16
1.01102e-14
-2.65611e-14
-3.98852e-15
6.95923e-16
1.26322e-14
2.84745e-14
-1.22705e-15
1.11843e-17
-2.55034e-14
9.47242e-15
-3.07988e-16
-5.59232e-16
5.73957e-14
7.43009e-15
-4.05904e-15
1.90841e-15
1.59133e-15
-4.89443e-15
1.98329e-14
-1.44217e-15
4.96744e-14
-1.45408e-14
1.58874e-14
-1.43486e-15
-2.14201e-14
-1.50959e-14
1.79207e-15
3.47458e-17
-3.05259e-15
1.28864e-15
2.32576e-15
-4.86881e-16
-1.36465e-14
1.73799e-14
-9.44852e-15
-1.57139e-16
3.9899e-14
-7.82027e-15
5.66477e-15
-1.85941e-18
3.0345e-14
3.31813e-14
8.27318e-15
4.61735e-14
3.90089e-14
2.03853e-15
-7.82178e-15
2.00176e-16
6.61747e-15
-3.97533e-14
-1.3446e-14
-1.23486e-14
-6.45839e-14
-1.16869e-14
-4.95931e-15
-8.58402e-16
-3.57742e-14
-1.28337e-16
1.55321e-14
-3.53381e-18
2.18387e-14
-6.93373e-15
-2.69028e-15
4.23599e-18
3.52138e-14
-3.0966e-15
-4.47841e-15
1.24325e-16
3.67443e-14
-1.63237e-14
2.04974e-14
-4.6241e-14
-1.11426e-14
-6.75658e-15
3.20066e-14
4.11952e-14
-1.16651e-13
2.66975e-14
-1.23782e-14
-2.03418e-14
-4.01536e-14
-6.31496e-14
-1.80945e-14
6.43993e-15
-1.07003e-13
9.24935e-15
-4.73835e-15
8.16368e-18
2.26356e-15
5.6601e-14
-2.93989e-14
2.22622e-14
9.87337e-14
-4.05936e-17
-7.86221e-15
-8.49635e-15
-4.3095e-14
-7.92311e-14
-3.8591e-14
3.90865e-14
-3.06274e-13
4.98447e-13
9.52532e-14
6.77501e-13
1.11229e-12
-7.41606e-12
3.91761e-12
-6.5755e-13
-1.68681e-11
-9.24141e-12
7.82989e-12
-2.19137e-13
-2.31355e-11
-2.59305e-11
3.03026e-11
-3.57615e-13
-7.35521e-11
-2.15437e-13
1.88942e-13
1.98046e-13
-4.00016e-13
-1.01294e-11
5.22844e-12
-9.47987e-12
-2.7034e-11
4.49444e-13
1.69242e-13
3.29783e-13
1.15034e-12
-2.70746e-18
-2.32068e-18
-7.66274e-22
-6.96204e-18
-1.78641e-12
1.60108e-13
-9.08119e-13
-4.81049e-12
-4.06281e-11
-1.41978e-11
4.0887e-11
-1.09535e-10
6.27277e-15
8.10095e-15
-7.89769e-15
5.17047e-14
7.08712e-12
3.54066e-12
-3.56282e-13
9.49426e-12
-8.40592e-11
2.89375e-12
8.04677e-11
-1.76599e-10
-1.06486e-10
6.36023e-10
-2.82921e-11
-6.57662e-10
-1.63178e-18
-2.1757e-18
1.77021e-20
-1.52299e-17
-4.91468e-11
4.48353e-11
8.60298e-11
-1.96547e-10
-8.5893e-11
2.20518e-12
-9.49557e-11
-2.3631e-10
6.78619e-11
1.09845e-09
-4.69539e-10
-7.55492e-10
-4.07858e-16
2.92681e-14
1.20467e-14
-4.35263e-14
-6.39593e-11
-3.83203e-10
-3.62299e-10
-3.2699e-10
-1.21243e-09
6.42491e-10
-2.13962e-10
-3.65312e-09
5.26037e-12
3.09701e-13
-2.05775e-12
1.34131e-11
3.26617e-09
-1.45997e-09
1.5789e-09
1.13941e-08
-2.41392e-12
1.8832e-13
-5.51882e-12
-8.10793e-12
2.36906e-10
1.03765e-09
-1.64067e-10
-5.6383e-10
-2.21488e-10
1.06551e-10
-6.66498e-11
-4.55054e-10
-8.6001e-13
-9.62083e-13
5.00591e-13
-2.9701e-12
1.4671e-14
5.70149e-15
-3.09959e-16
2.53863e-14
-4.12673e-11
-4.76421e-13
-1.69892e-10
-2.48325e-10
1.36119e-09
-1.62831e-09
7.54128e-10
3.78043e-09
-5.42489e-09
3.74635e-09
-5.02787e-09
-2.39972e-08
-3.78079e-09
6.37666e-09
9.81887e-10
-1.64358e-08
-1.70002e-11
-3.32257e-11
3.68583e-11
-4.31942e-11
-2.35231e-14
-1.05506e-14
-1.43829e-15
-1.98097e-14
3.55176e-10
3.08735e-09
5.28304e-10
-9.85712e-10
-1.09584e-09
-7.45882e-10
-7.20272e-10
-1.81943e-09
-1.40644e-10
-2.4586e-10
-1.3883e-11
-8.31142e-11
3.3417e-09
-1.06578e-09
6.83845e-09
1.54143e-08
6.28646e-09
-5.62903e-09
-8.22941e-10
2.46974e-08
1.02193e-09
-1.26668e-09
-1.16571e-09
3.19245e-09
2.75675e-09
-2.665e-09
-1.22911e-09
8.75255e-09
-7.66043e-10
-1.92357e-09
4.06885e-09
1.53781e-09
-1.36707e-09
-6.33217e-10
-4.2135e-09
-2.84241e-09
-1.71256e-09
-8.58089e-09
4.35823e-09
4.03352e-09
8.43772e-11
-5.06473e-10
7.0927e-10
2.17039e-10
-1.84073e-10
1.24218e-09
1.3654e-09
-1.89264e-09
-8.15515e-13
-5.8361e-13
-7.899e-13
-2.37226e-12
1.37135e-10
7.51422e-10
-7.91288e-10
-2.16358e-09
3.95897e-11
-9.98802e-10
2.59504e-10
6.73698e-10
-9.01717e-10
1.80718e-09
3.00365e-10
-4.1942e-09
-2.40867e-09
-3.9989e-09
1.64313e-09
-5.15931e-09
-5.69408e-10
-1.95897e-09
2.61813e-09
2.48025e-09
-6.92645e-10
1.38244e-09
-8.40249e-11
-3.2176e-09
4.73988e-09
-4.51333e-09
4.63958e-11
1.49945e-08
2.85688e-09
-1.35144e-08
-2.89193e-10
1.32111e-08
7.51356e-10
-2.22251e-09
3.39575e-09
7.71987e-09
-1.05209e-12
-6.70795e-13
-2.98059e-12
-4.82016e-12
4.16317e-12
-7.55279e-12
-2.93628e-11
-9.60154e-12
-5.02104e-09
-7.66833e-09
-6.96516e-09
-1.85866e-08
-4.37473e-09
-5.54127e-09
-6.22635e-10
-1.41411e-08
-4.90313e-11
2.93201e-10
-7.64801e-10
-1.22803e-09
3.40107e-09
-2.68268e-09
-3.62796e-09
1.01317e-08
8.51312e-10
-2.74631e-09
7.4033e-09
4.87928e-09
1.96414e-09
1.2165e-09
-1.41785e-09
6.47222e-09
1.96409e-09
3.85139e-09
1.17136e-10
4.73446e-09
-5.23787e-10
9.66103e-10
-1.16205e-09
-2.9252e-09
5.96198e-10
-2.24859e-09
1.48239e-09
1.39403e-09
8.92462e-11
2.07894e-10
-1.65078e-09
4.53785e-10
8.70845e-11
1.33851e-09
-2.87691e-09
-2.93814e-09
3.03938e-09
4.41302e-09
2.13035e-09
1.10706e-08
-2.43947e-09
4.28979e-10
3.15466e-09
-4.30714e-09
-7.80326e-12
4.01496e-10
2.21659e-09
1.81479e-10
-1.21852e-10
-6.66899e-10
-1.27948e-09
-3.78302e-10
-2.35364e-10
3.59852e-09
-4.45385e-09
-1.18715e-09
9.75115e-11
1.34667e-09
-5.57296e-09
8.08328e-10
-3.49893e-10
-5.88339e-09
1.85735e-09
1.20697e-09
-6.07938e-09
4.31751e-09
4.84459e-09
-1.58502e-08
6.55268e-10
7.25754e-09
1.23868e-08
-9.75446e-10
1.1193e-09
2.26186e-10
4.35752e-09
7.38405e-09
-1.32239e-10
-1.88064e-10
8.17555e-11
-2.76422e-10
1.09828e-09
-1.57691e-09
-4.1902e-09
1.14888e-09
2.46002e-09
-1.8004e-09
-5.26222e-09
-9.16997e-10
1.88479e-09
7.63364e-10
-6.10604e-09
-2.37568e-10
-1.63459e-09
5.99996e-10
1.76147e-10
-6.07941e-09
1.07315e-08
-3.33132e-10
-2.47036e-08
3.90465e-08
-5.82059e-09
7.73227e-09
8.17428e-09
-2.7937e-08
-1.23357e-08
4.48333e-09
-2.56335e-09
-3.9857e-08
-7.44285e-09
-1.62315e-08
-2.78989e-09
-2.29288e-08
-4.63229e-09
8.09315e-09
2.89092e-09
-6.10022e-09
-1.12335e-09
-5.31821e-10
-7.82599e-09
-9.16984e-09
1.06015e-08
-8.06923e-09
-2.338e-08
3.75379e-08
5.14702e-09
-1.01275e-08
-4.35517e-09
2.50272e-08
-5.4372e-09
5.87253e-10
-1.79876e-08
-1.94595e-08
3.01698e-18
-2.01132e-18
4.40955e-20
-1.20679e-17
9.18557e-09
2.19564e-08
1.54338e-08
3.93213e-08
-1.21492e-08
1.71423e-09
-3.17239e-09
-3.41271e-08
-2.94941e-09
5.66696e-09
6.19548e-09
-2.60676e-08
1.07454e-08
-1.07758e-08
6.12708e-09
3.50871e-08
1.28507e-08
9.2888e-09
-8.3347e-09
4.08423e-08
-4.47324e-16
5.37072e-17
-2.02377e-18
-1.02044e-15
-1.57432e-07
1.91768e-07
-6.25606e-08
-4.08764e-07
-2.34502e-09
-2.18979e-09
-8.8588e-09
5.34785e-09
-5.7035e-09
8.66446e-08
-3.75839e-08
-1.08516e-07
3.36905e-09
2.31061e-07
6.66702e-08
-1.44171e-07
2.42834e-09
6.69047e-09
2.75475e-08
3.91832e-09
-2.43375e-09
3.95668e-09
9.35683e-09
-9.02164e-09
-3.43194e-08
4.23528e-08
-4.10239e-08
-7.93676e-08
-3.85765e-08
5.35116e-08
-2.33498e-08
-1.33498e-07
4.86325e-08
9.83249e-08
1.44155e-08
-3.9402e-08
-3.03548e-08
1.01351e-08
1.52817e-08
-1.20391e-07
-1.54874e-10
1.91607e-09
1.61613e-09
-2.21735e-10
-2.59345e-17
-2.39395e-17
-7.44534e-19
-8.77783e-17
-1.93634e-07
2.23757e-07
-2.38195e-07
-4.50259e-07
-5.14224e-15
-9.25755e-15
-1.50496e-19
8.83069e-16
8.01061e-11
2.04375e-09
-8.73558e-10
-7.18256e-09
-5.85004e-07
1.79428e-07
-2.85847e-07
-1.36134e-06
5.50145e-10
-2.94089e-10
2.78384e-09
4.33741e-09
-1.08799e-11
-8.16048e-10
1.80665e-09
1.46791e-09
-2.90814e-15
-2.07263e-15
-4.31949e-18
-7.91199e-15
5.34009e-09
2.3566e-08
3.23717e-08
7.84548e-08
-1.02767e-08
-8.07692e-08
7.68002e-08
5.89296e-08
1.97397e-08
3.25892e-08
5.17138e-08
-2.60995e-10
-1.25413e-14
6.4201e-15
2.37076e-18
-8.81438e-15
-8.72758e-10
2.23793e-09
4.26496e-09
-8.74057e-10
-6.83134e-10
-2.25143e-09
1.32423e-09
-1.22565e-09
-2.14588e-08
1.69977e-08
3.12865e-08
-5.93634e-08
2.33301e-15
2.76832e-15
-3.59953e-17
1.79037e-14
5.96483e-08
-2.41912e-07
9.72025e-08
3.20916e-07
-1.64771e-08
-1.74804e-07
1.63459e-08
1.51395e-08
-3.09045e-09
3.78404e-09
-8.43281e-09
-3.75675e-09
1.33891e-08
1.70218e-08
-3.68801e-08
1.25299e-07
1.86476e-14
-4.1895e-15
1.86912e-17
2.84361e-14
-2.37832e-14
-2.81041e-15
4.25516e-17
4.18401e-14
-7.35764e-10
-2.77562e-10
1.64992e-09
-2.17586e-09
2.60847e-07
-2.41154e-07
3.16714e-07
9.84121e-07
-4.32e-08
-2.63496e-07
-6.25736e-08
1.10557e-07
-5.06694e-08
-3.24902e-07
-2.90209e-08
-3.11992e-07
-3.06166e-10
4.99255e-09
-1.26172e-09
-7.14263e-10
1.89689e-08
5.50096e-07
1.37013e-08
2.46255e-07
-3.8008e-11
-5.96364e-12
6.63545e-11
-1.34225e-10
1.31303e-08
-1.20678e-07
-3.08252e-08
1.64737e-07
2.83902e-08
-4.05121e-07
-3.24705e-07
3.40577e-07
-6.85008e-08
5.50067e-07
-1.57722e-07
4.71005e-07
1.19679e-07
-1.48496e-07
7.63912e-08
2.9052e-07
-8.55627e-09
-2.88186e-08
9.48066e-09
-2.44707e-08
-1.43221e-08
1.25333e-08
-1.82306e-08
-6.82472e-08
-6.62316e-10
-1.92926e-07
-3.03676e-08
1.58336e-07
2.16188e-07
2.61868e-06
-1.46085e-07
1.34503e-06
-2.31845e-08
-4.67806e-08
-5.38711e-08
-7.43589e-08
2.59056e-14
1.06729e-14
1.39743e-17
2.46204e-14
-8.1227e-16
-5.94412e-15
2.02853e-18
1.97375e-14
2.0496e-14
-3.81066e-15
-4.64182e-16
3.51235e-14
1.25897e-07
-6.52407e-07
-6.28852e-07
-1.74005e-07
1.25749e-12
3.17964e-13
-3.43989e-13
2.71308e-12
-6.1828e-08
-1.64601e-07
1.6741e-08
-2.25844e-07
-3.31725e-06
-4.52586e-06
-9.68709e-07
-9.9863e-06
-4.50771e-09
2.09373e-08
5.25174e-09
-9.65611e-09
-7.30904e-08
1.20417e-06
-1.52232e-06
-2.53909e-07
6.94727e-11
7.32049e-11
-1.63108e-10
2.41719e-10
1.03547e-06
2.99939e-06
8.71067e-07
3.0679e-06
3.5326e-08
-1.3555e-07
-5.19104e-09
4.03277e-08
-2.7001e-08
-4.83047e-07
-2.30609e-07
1.27806e-07
-1.1677e-13
-3.79115e-14
1.31065e-13
-3.39899e-13
2.27254e-08
5.26903e-08
2.5429e-10
6.87748e-08
5.92454e-09
1.24921e-07
4.83091e-07
-1.05549e-07
-3.58946e-07
-5.81129e-07
-6.84477e-07
-5.87632e-07
-3.99114e-08
-5.56566e-07
2.27068e-07
-7.97041e-08
-9.92559e-11
1.35472e-10
-1.49312e-09
-2.085e-09
-2.41231e-14
4.38835e-15
7.49419e-17
9.61877e-15
6.06906e-08
-1.09971e-06
-5.5768e-07
3.69184e-07
7.50657e-08
2.77156e-08
4.20092e-08
1.82012e-07
1.36822e-07
1.85362e-07
2.53504e-07
9.37635e-08
-9.12394e-08
-2.39971e-07
-1.32672e-07
-5.26417e-07
3.45493e-14
3.17997e-14
2.79275e-14
9.49909e-14
-6.75609e-10
-1.96926e-09
-4.88817e-10
-3.86073e-09
7.82599e-12
2.25776e-11
1.46811e-11
2.62927e-11
1.46723e-09
3.68988e-09
3.07042e-09
5.42851e-09
7.07251e-08
1.63773e-07
-3.12431e-08
1.44153e-07
5.10461e-08
6.82604e-08
3.67426e-08
1.92101e-07
-1.15231e-09
-6.43163e-10
1.94755e-09
-5.39162e-09
2.41334e-07
-9.88982e-08
-3.10317e-07
6.02897e-07
-9.94438e-09
-3.53348e-08
-2.48605e-08
-2.15786e-08
-1.42037e-09
-4.91363e-08
1.28832e-09
3.09247e-09
4.74613e-12
4.05513e-13
3.82258e-12
1.20921e-11
3.02858e-09
-1.0051e-08
-5.72431e-09
2.18203e-08
2.54066e-07
1.6483e-06
3.41168e-08
-2.8376e-07
3.10784e-07
3.19103e-07
2.78981e-07
-2.8681e-07
-1.49575e-09
-2.25076e-09
-2.90061e-10
-6.64992e-09
-1.18696e-09
2.2507e-09
2.57435e-09
-3.74884e-09
3.27824e-14
4.52522e-14
-3.19393e-14
6.33999e-14
-5.19103e-09
6.55878e-09
-5.33603e-09
-2.43711e-08
-9.20117e-09
-1.01157e-08
3.31385e-09
-1.79863e-08
-5.48899e-07
1.5223e-06
2.48216e-07
-2.81089e-06
-2.36924e-07
5.62536e-07
4.98952e-08
-1.34389e-06
-3.31204e-07
1.52555e-06
2.41229e-07
-2.27258e-06
7.84651e-11
1.08292e-10
3.8821e-11
2.12955e-10
7.77609e-09
-3.6199e-08
2.4199e-10
1.71527e-08
-2.99581e-18
0.
5.38456e-23
-1.19833e-17
5.28151e-07
1.58785e-06
-8.84584e-08
-4.12586e-07
-3.53258e-07
1.64448e-06
2.48656e-07
-1.49482e-06
1.63573e-09
6.26952e-09
2.29396e-08
1.70935e-09
-7.83438e-08
3.10125e-07
-2.51544e-07
-8.67926e-07
-1.35436e-09
-1.08276e-08
1.36822e-08
-4.53899e-09
-1.47307e-09
-9.24475e-10
-5.26501e-09
-7.25111e-09
7.83949e-08
8.64419e-07
-8.80431e-08
3.88587e-07
-4.45764e-07
-3.03531e-07
3.30274e-07
-3.41787e-07
-2.37476e-18
4.74953e-18
1.37468e-20
0.
-2.45954e-07
-4.76964e-07
8.4475e-07
3.42613e-07
4.91985e-09
-6.86693e-09
2.42889e-09
-3.48953e-10
3.89876e-09
1.18898e-07
-1.59351e-07
-7.30896e-08
-5.13892e-09
3.31425e-09
-2.41411e-09
-2.06301e-08
2.19954e-06
-9.93401e-07
5.65746e-07
8.07334e-06
-9.98154e-09
1.95007e-08
-5.69331e-09
-4.45001e-08
-4.68968e-06
-2.53698e-06
-3.82273e-06
-1.33406e-05
1.53304e-06
2.82785e-08
-1.94291e-07
4.26673e-06
7.03232e-08
-5.22836e-08
-2.82108e-07
8.63258e-08
-4.95883e-06
-2.31309e-06
-1.306e-06
-1.64419e-05
7.84027e-10
9.57188e-10
-5.25206e-10
1.95181e-09
-7.10872e-09
2.05613e-09
-8.12882e-09
-5.03248e-08
-6.93585e-09
4.54243e-08
-1.08854e-08
-4.43192e-08
3.94847e-10
4.01159e-10
5.02651e-10
1.12288e-09
8.06906e-09
2.09522e-09
-9.64458e-09
1.99122e-08
3.56612e-09
4.10199e-08
-7.70221e-09
-3.47296e-08
1.57543e-05
3.23088e-06
-2.51538e-05
1.27292e-05
-2.17133e-10
-3.22051e-09
2.48847e-09
2.75461e-09
-1.72956e-09
2.15811e-08
-9.53386e-09
-3.29715e-08
-4.15486e-09
-2.35763e-09
-6.77212e-09
-1.35867e-08
-1.49633e-08
4.37679e-08
-2.69191e-08
-7.26957e-08
-1.57183e-05
-0.00018176
1.15848e-05
-0.000620834
-3.9998e-10
-5.75695e-10
-1.7009e-09
-1.14921e-09
3.6779e-06
-1.14318e-05
1.05863e-05
-2.92716e-06
1.19886e-08
-1.3095e-08
-5.56418e-10
1.97637e-08
-1.46598e-06
-1.21649e-06
6.71025e-08
2.93893e-08
-8.74076e-09
1.70788e-08
-7.59769e-09
-2.42191e-08
-0.000385956
-0.000402217
0.000100366
-0.000614186
7.5228e-10
3.68696e-09
-4.09727e-09
1.28189e-09
-8.10967e-09
-2.05497e-08
2.34972e-09
2.17099e-08
4.18807e-08
1.96351e-08
2.9794e-08
1.52853e-07
3.95714e-05
5.64046e-05
-3.30779e-05
5.9421e-05
9.81189e-09
-3.61267e-08
1.45192e-08
4.85036e-08
-1.2089e-08
-7.3242e-10
-3.81026e-08
-2.5061e-08
0.000444514
0.000617729
1.08e-05
0.00119822
2.52276e-08
1.40177e-08
-5.70055e-09
9.17896e-08
-8.95993e-07
1.609e-07
-4.1398e-07
-1.61643e-06
-3.44799e-08
5.28991e-08
-2.33264e-08
-9.95586e-08
0.00037676
0.000565798
-9.05456e-05
0.00113787
-1.68507e-08
-1.32069e-08
1.18869e-08
-2.83056e-08
-2.22059e-07
-2.74474e-07
1.40663e-07
-6.68454e-07
-4.87839e-05
-8.7375e-05
3.43058e-05
-0.000122094
8.67386e-09
1.83668e-09
-6.42235e-09
-9.94582e-09
-9.40486e-06
-2.97136e-05
1.48271e-05
-6.28463e-05
-1.39527e-08
-1.82026e-08
-1.70905e-08
-7.93624e-08
1.58781e-09
-1.52593e-09
3.26777e-09
8.06623e-09
1.52715e-07
-3.82182e-08
1.62117e-08
2.98824e-07
1.00148e-11
-8.43806e-11
-4.3367e-11
-1.95423e-11
-3.39025e-09
-3.45216e-09
3.34406e-10
-7.44812e-09
-4.57402e-09
-3.35827e-08
-4.53049e-08
1.71345e-08
1.72579e-12
7.09581e-12
-7.33525e-12
7.28362e-12
-1.76482e-07
-1.96101e-06
4.81699e-07
-4.30323e-06
-4.90825e-06
-5.41419e-06
6.12124e-06
-4.83231e-05
-5.84495e-06
4.32666e-06
4.99928e-07
1.88926e-05
1.23419e-08
-1.96782e-08
-4.7427e-10
3.93965e-08
-1.72442e-16
-6.20793e-17
-2.18146e-18
-4.55248e-16
5.5127e-08
-1.66118e-08
-5.56554e-08
1.34144e-07
-2.02594e-10
1.51537e-11
-3.18105e-10
-7.88677e-10
-2.87745e-06
-4.02491e-06
-9.54769e-06
-1.56192e-05
5.29211e-06
3.12239e-06
-3.79649e-06
-1.91847e-05
1.52377e-13
-8.20765e-14
-1.38033e-13
3.66056e-13
1.26088e-08
3.1524e-08
-3.4601e-08
4.27505e-08
-5.12921e-08
2.79083e-08
-3.41042e-08
-1.60536e-07
-1.2412e-09
5.78363e-12
-8.65237e-10
-4.94429e-09
-3.42242e-08
-4.08791e-08
-1.36836e-08
-1.22301e-07
-1.14777e-06
2.71684e-06
7.5166e-06
4.22324e-05
-5.40428e-10
3.33579e-10
8.74086e-10
-1.60478e-09
8.77261e-07
1.19257e-06
-1.5969e-07
2.32693e-06
-4.11999e-18
0.
6.37291e-20
-2.06e-18
-4.68733e-15
-5.28786e-15
5.6209e-16
3.45642e-14
-4.88612e-08
-1.21242e-07
-1.69382e-08
-6.7402e-08
-8.55986e-12
-2.55347e-11
-4.92705e-11
-1.49568e-11
-4.96055e-06
-5.63581e-06
-2.88997e-06
-5.15618e-05
4.80233e-09
-3.57067e-08
-2.47485e-08
6.72543e-09
-4.91189e-16
1.41489e-15
1.15823e-18
-2.21679e-14
1.31955e-05
8.13834e-06
4.35194e-06
1.88523e-05
-2.41543e-09
3.94084e-08
2.89667e-08
1.85364e-09
-8.38542e-12
-1.07938e-11
-6.05995e-12
-1.90642e-11
1.97445e-09
3.60889e-08
-1.07774e-07
4.43957e-08
-1.07726e-14
-4.20252e-15
-1.27172e-17
-6.69261e-15
-4.78397e-06
5.24265e-06
5.3603e-06
-7.5933e-06
1.51889e-06
4.55109e-06
2.77224e-07
-1.86615e-06
-4.69951e-15
-4.47481e-15
1.01636e-17
2.58054e-14
-1.5922e-08
-3.29651e-08
1.47053e-08
-4.88111e-08
-3.51125e-08
-8.00318e-08
2.24889e-09
-6.19528e-08
1.0012e-06
1.02473e-06
3.76015e-07
5.80593e-06
-1.77532e-14
1.17502e-14
1.65418e-17
-1.86229e-14
8.01727e-08
1.32556e-07
-4.39171e-08
8.09032e-08
-2.60124e-14
-1.04641e-14
2.82186e-14
-6.86055e-14
1.41133e-06
-6.41293e-06
1.92579e-05
-4.9035e-06
4.33822e-10
-9.58577e-10
-6.54661e-09
-1.18632e-08
1.14664e-06
-2.87246e-06
9.54707e-07
5.72052e-06
-5.22162e-15
-1.70441e-14
-2.74097e-15
2.0193e-14
3.87884e-09
1.575e-08
4.15498e-09
1.84734e-08
-1.52004e-07
9.25481e-08
-1.03508e-07
-5.31789e-07
-5.05725e-15
-3.71798e-15
4.82025e-18
-1.38125e-14
1.19517e-12
2.93222e-12
4.36289e-13
2.02689e-12
-4.72529e-12
-1.14512e-10
-7.32364e-13
-2.74297e-10
5.75236e-10
9.72288e-10
1.36841e-09
3.71754e-09
-9.13595e-08
-2.00266e-08
-1.20473e-08
-3.76834e-07
-1.5028e-06
-3.19449e-07
-2.08827e-06
-2.16849e-05
8.86509e-17
1.50539e-17
-6.64969e-19
2.15773e-16
-3.30046e-10
2.26693e-09
-4.01222e-09
1.40797e-09
2.37223e-06
-1.22116e-06
-2.89419e-06
1.46259e-05
2.52831e-08
-1.3905e-07
-9.22627e-08
1.19125e-07
5.08636e-07
4.90512e-06
-2.71224e-06
-1.71191e-05
-1.04209e-08
1.99264e-08
-1.66089e-08
-4.43617e-08
-1.5395e-07
-8.54819e-08
-8.54191e-08
-4.88027e-07
-2.08319e-14
5.10058e-15
-1.11701e-17
2.3985e-14
-1.98066e-14
1.12905e-14
-2.45929e-15
-9.10307e-15
-1.12248e-14
2.03733e-15
-4.57966e-16
2.38159e-14
-3.12276e-08
-1.31975e-07
-1.29149e-07
9.60216e-08
-5.03063e-07
-7.77261e-07
-2.50559e-07
-1.36314e-06
-8.18771e-07
-5.25895e-07
2.96805e-06
4.88916e-06
-3.92361e-13
-6.49171e-13
-4.36099e-13
-1.28351e-12
-3.81187e-06
-6.14642e-07
-2.31477e-06
-8.88688e-06
-9.0578e-11
-1.06128e-09
-8.70911e-10
-1.32613e-10
-4.87066e-08
-1.99115e-07
2.03364e-08
-2.57333e-08
3.14982e-07
2.08871e-07
-2.58371e-09
6.39439e-07
6.0819e-09
-8.4305e-09
-4.92589e-08
-1.56622e-07
6.17458e-06
4.81585e-07
6.79535e-06
2.28613e-05
9.81243e-10
-9.07831e-10
6.32321e-10
3.37197e-09
1.341e-09
1.38976e-08
3.54322e-08
-2.45327e-08
-3.42441e-07
-1.20675e-07
2.27496e-07
3.4395e-08
-2.90214e-07
4.69411e-07
1.43334e-07
-1.07066e-06
6.71482e-08
-1.92081e-08
3.72473e-08
2.44763e-07
-3.34042e-06
-3.56438e-06
4.49301e-06
-5.35909e-06
3.44934e-10
-2.72237e-09
-5.55593e-09
-2.40285e-09
8.84558e-08
-9.07043e-08
-5.22721e-08
3.17254e-07
-4.04651e-08
1.68632e-07
7.5865e-08
-3.19695e-07
-1.30031e-08
-2.63268e-08
-6.13208e-09
-1.12821e-08
5.48685e-07
9.89377e-07
1.94564e-06
1.20296e-06
-3.15144e-09
-8.68783e-09
-7.03891e-09
-2.06913e-08
-4.82913e-08
9.80454e-08
-1.97208e-07
1.49198e-07
-2.92865e-09
-1.30475e-09
-2.32438e-09
-7.11669e-09
2.34961e-07
-3.03925e-08
-5.68818e-07
9.66351e-07
-2.9102e-09
6.74404e-08
4.43848e-08
-2.47776e-08
2.43105e-08
1.31754e-08
1.86001e-08
6.25737e-08
-5.67244e-11
4.71871e-10
-1.48558e-10
5.286e-10
3.51344e-09
3.82281e-09
-1.37072e-09
8.78465e-09
-5.98163e-08
7.56196e-08
-1.58974e-07
-1.67751e-07
-2.93793e-08
-4.50559e-08
-1.42838e-07
-2.12876e-07
-1.98077e-08
-5.94198e-08
3.74249e-09
1.5756e-08
-3.86985e-10
-4.94954e-08
3.78541e-08
5.97832e-09
-3.93964e-11
9.26725e-10
1.57171e-09
1.97275e-09
-1.78267e-10
7.63783e-09
7.24862e-09
1.2743e-08
4.03804e-08
9.32227e-08
-3.48617e-08
9.73715e-08
1.28253e-10
-8.83363e-09
3.73457e-09
-1.1316e-08
2.30689e-11
8.21585e-11
-7.86474e-10
8.03392e-11
2.66749e-11
-8.22448e-12
4.99214e-11
5.81814e-11
-2.25534e-09
-1.68875e-09
-2.35162e-09
-3.73177e-09
-2.5378e-08
-4.42615e-08
-3.04163e-09
-6.15544e-08
-1.10758e-09
-2.60905e-09
6.4679e-10
5.05728e-09
3.89105e-11
1.48927e-10
-6.32076e-11
2.16722e-10
2.41467e-09
5.59089e-09
-1.2933e-08
-2.24149e-09
3.02096e-11
1.20837e-10
-4.46205e-11
2.72758e-10
-1.73806e-10
-2.94969e-10
-5.6896e-10
-1.07795e-09
-2.96848e-12
2.47571e-09
-5.50024e-09
1.03334e-09
2.0611e-10
1.40014e-09
2.39728e-09
3.67886e-09
-3.32346e-10
-6.21113e-10
1.48535e-09
-1.53584e-09
5.95148e-10
2.20088e-10
4.21524e-10
1.84143e-09
-4.17873e-11
-5.71395e-11
-4.2543e-11
-1.59247e-10
-1.28024e-09
-4.83613e-09
-3.59603e-09
-3.90908e-09
-9.59832e-10
-4.49217e-09
5.91464e-09
-9.81838e-09
1.63617e-11
-3.4826e-10
3.38589e-10
-1.16759e-09
3.86246e-11
-6.74582e-11
-5.42683e-11
6.80674e-11
-1.02236e-10
-1.97738e-10
2.6559e-11
-4.40498e-10
2.22195e-10
-1.09475e-10
8.83732e-10
1.18025e-09
-1.44023e-11
-5.22376e-11
7.61806e-11
-1.28809e-10
1.73751e-10
6.02741e-10
-3.69521e-10
6.81921e-10
8.56263e-19
1.71253e-18
6.47226e-23
-1.71253e-18
-6.75458e-12
-8.14923e-13
2.84879e-12
-1.00664e-11
-5.77934e-10
-6.91637e-10
2.5424e-10
-1.39245e-09
1.71403e-12
7.73114e-12
4.59317e-12
7.81965e-12
-1.08517e-10
-7.15968e-12
-1.79757e-10
-3.95829e-10
5.31635e-17
1.10757e-17
-2.20062e-19
1.39554e-16
-8.85131e-13
-1.50408e-12
4.1956e-13
-4.15209e-12
-1.4454e-11
-5.05938e-12
-3.30165e-11
-5.18244e-11
1.41944e-11
-3.67639e-11
-2.93149e-10
-2.88657e-11
1.30172e-10
-2.34465e-10
-2.18901e-11
2.19606e-10
-1.51025e-10
-1.86614e-10
2.67693e-11
-9.54903e-10
2.00323e-11
7.66911e-11
-6.94443e-11
2.15107e-10
4.3729e-11
5.91285e-11
4.15046e-11
1.58187e-10
4.49853e-11
6.06903e-11
3.88036e-10
2.73317e-10
-4.15091e-12
5.19037e-12
-3.93182e-12
-8.26858e-12
1.36693e-12
4.29691e-12
2.21465e-12
2.20779e-12
-4.48108e-12
-3.49107e-11
-2.79789e-11
-4.78799e-11
-2.42347e-11
-1.76304e-11
4.91029e-11
-8.86495e-11
6.79935e-12
2.00163e-12
4.36118e-12
1.27269e-11
-9.10972e-13
-2.19247e-13
2.86441e-12
-3.18546e-12
-3.87202e-11
-5.14905e-11
-2.34429e-11
-1.38499e-10
5.98122e-12
6.95793e-12
-2.97682e-12
1.78958e-11
1.02368e-11
9.07241e-12
-4.97178e-12
3.41247e-11
-6.5508e-13
-4.57864e-13
2.97679e-13
-1.88739e-12
8.28729e-12
1.01252e-11
-9.95304e-12
1.37847e-11
-3.86536e-12
-2.37931e-12
-1.006e-12
-8.35555e-12
2.76032e-11
1.98795e-11
2.1386e-11
9.14387e-11
-5.63537e-13
-6.41411e-13
-7.30877e-13
-1.97493e-12
5.91779e-12
2.16689e-12
3.2857e-12
1.29872e-11
1.10344e-12
4.29367e-13
9.83873e-13
7.76576e-13
-4.19129e-12
-7.45982e-12
-5.6912e-12
-2.17798e-11
2.82029e-12
1.21921e-11
8.97159e-12
1.41288e-11
-5.73548e-12
-5.05255e-12
-5.24478e-12
-1.55567e-11
1.18603e-13
-1.17148e-13
-3.65942e-13
2.44622e-13
9.92429e-12
1.71363e-11
3.69108e-12
3.87193e-11
3.42792e-13
2.91902e-13
2.34262e-13
8.10739e-13
5.96178e-12
2.30954e-12
-1.61396e-12
8.07568e-12
6.26444e-14
3.6461e-14
-3.85879e-14
1.92124e-13
7.64851e-14
6.51637e-14
4.30649e-14
1.80066e-13
-2.13118e-12
-2.84606e-12
1.78594e-12
-5.99046e-12
1.57234e-14
-1.26028e-14
-1.47109e-16
-3.59329e-14
-1.25455e-12
-1.93902e-12
-1.31698e-12
-4.86966e-12
1.2923e-12
1.65985e-13
-6.43302e-14
1.47794e-12
7.07662e-15
9.37868e-15
-1.42099e-15
1.52714e-14
3.27592e-14
-2.87951e-15
5.49472e-16
2.61387e-14
-5.55717e-13
-9.57157e-13
4.27463e-13
-2.20469e-12
-5.60601e-12
-6.69714e-12
-3.66795e-12
-1.61698e-11
-2.05765e-15
-5.21192e-15
7.87831e-19
1.41146e-14
5.28784e-13
5.25618e-13
4.4756e-13
1.51034e-12
1.37875e-15
2.22349e-16
-3.85986e-18
3.37898e-15
-5.35959e-14
-4.74535e-14
-4.07826e-14
-1.33583e-13
-2.03214e-12
-3.18888e-12
-7.54311e-15
-6.74918e-12
-7.80738e-13
-1.41086e-12
-6.03811e-14
-2.7454e-12
4.60949e-15
-1.17621e-14
1.02748e-14
-1.11237e-14
1.69864e-13
1.53229e-13
1.07848e-13
4.12657e-13
6.65435e-17
-2.36523e-15
-1.23742e-16
-1.92112e-14
2.07194e-13
2.13023e-13
-1.50067e-13
5.70192e-13
-1.27457e-14
-1.63254e-14
1.06239e-14
-4.96395e-14
-1.02198e-14
-1.3159e-14
-3.48189e-15
4.23566e-15
1.86485e-13
1.80247e-13
1.57977e-13
4.5243e-13
-7.03452e-15
1.00652e-14
-1.0736e-17
-6.76772e-16
-9.90532e-15
-7.09158e-15
8.41648e-18
-9.22986e-15
-8.57936e-15
-8.13508e-15
-1.98027e-17
4.46083e-15
6.1083e-14
7.19827e-14
-5.41852e-14
1.45076e-13
7.48647e-15
-6.30365e-15
-4.98378e-19
1.43146e-14
1.42789e-14
3.24184e-14
1.42736e-14
8.67835e-14
-2.19715e-14
3.7747e-15
3.04574e-16
5.86445e-15
1.76005e-17
-9.60025e-17
-1.38746e-18
1.92005e-17
8.5785e-14
8.56726e-14
-7.80378e-15
1.78919e-13
-1.34579e-14
-5.90939e-15
-8.25634e-15
-2.24229e-14
1.14365e-14
8.60499e-15
1.90253e-18
1.71899e-14
1.54851e-14
-1.92713e-15
4.34278e-16
-2.55973e-14
6.15845e-16
8.09707e-15
2.36227e-18
3.40243e-14
1.40792e-14
-1.39803e-14
-4.95251e-18
2.6043e-14
-1.51978e-15
-2.92988e-15
6.52599e-16
-1.50407e-14
7.1883e-15
-1.90405e-15
-2.95564e-19
-5.15865e-15
-5.68648e-15
6.53966e-15
-3.2554e-18
3.09478e-16
5.46852e-15
5.1216e-15
-1.96612e-16
5.06479e-16
-6.58234e-16
-7.15892e-15
6.60491e-17
2.0027e-14
2.26385e-14
-2.57154e-15
-9.85057e-18
7.03467e-15
8.04259e-15
7.55136e-15
3.50734e-19
-4.80105e-14
-1.04542e-14
-6.81978e-15
4.10446e-17
2.53503e-14
-1.68743e-16
3.58028e-16
-5.79589e-19
-2.5825e-16
9.44097e-15
2.90936e-15
3.7219e-18
-2.26201e-14
-9.91718e-15
3.70513e-15
1.67549e-18
9.12284e-15
7.43769e-17
-8.0441e-15
-5.67102e-17
6.44543e-15
1.7708e-14
9.21462e-16
-2.64197e-19
-1.42918e-14
5.09817e-15
4.50621e-15
2.7468e-18
1.4374e-14
-9.23802e-15
6.11125e-15
3.72725e-19
9.517e-15
-5.46274e-15
3.66181e-15
7.70591e-19
3.13882e-14
1.83605e-15
-4.09505e-15
-6.76858e-18
1.99229e-14
-1.56832e-14
-3.57542e-16
-5.27987e-18
-1.63951e-14
-3.93869e-15
3.57174e-15
4.26471e-18
2.44133e-14
-1.40728e-14
-3.16824e-15
-1.88154e-18
4.10325e-15
9.45072e-15
7.39925e-16
4.33477e-18
1.54544e-14
-6.40791e-15
-6.10239e-15
1.32139e-18
2.44949e-14
5.95092e-17
-6.67665e-17
2.90619e-18
9.28925e-17
5.44886e-15
-2.41239e-15
-7.65184e-19
2.60238e-14
4.11224e-19
3.28979e-18
1.3804e-19
4.93468e-18
-2.42005e-14
-2.66687e-16
3.02842e-18
1.35449e-14
-3.54135e-16
-3.59013e-16
4.1303e-19
-1.03997e-15
1.14768e-14
2.13034e-15
5.69161e-18
3.4685e-15
1.32192e-15
9.53179e-16
-1.84546e-18
3.6145e-15
-1.16478e-14
-1.31652e-16
-2.70394e-18
-9.98412e-15
-1.66836e-16
-1.79669e-16
9.92242e-21
-5.37033e-16
5.29955e-16
8.03001e-16
-2.63995e-18
1.64861e-15
2.22355e-17
6.8728e-17
-1.08708e-19
1.37456e-16
3.03868e-16
4.52071e-16
1.06306e-18
9.2973e-16
-4.10243e-18
1.43585e-17
2.86747e-18
5.94852e-17
